.Random.seed <-
c(403L, 1L, 1829589556L, -1097758793L, 594835373L, -1454725948L, 
189638890L, 1399336789L, -1888968465L, -858396938L, -454397408L, 
1548195811L, 464706689L, 343350000L, 887255438L, -2078318855L, 
-513815413L, 274543802L, -737529924L, 1262234879L, 1958879317L, 
-363105428L, 826452930L, -45261795L, -2121925481L, 2002196990L, 
-1826391624L, 1400665499L, 1239849977L, -350977208L, 1884376694L, 
1190774705L, 790518243L, -805589326L, 60097284L, 636346439L, 
-1625184483L, -1031922284L, -810081990L, 1597595013L, 1976923743L, 
1775034598L, -1821334672L, 862569619L, -1461837519L, 775907296L, 
2002930814L, -375062775L, -427974341L, 2133214474L, 369106156L, 
786671983L, 1377447589L, -300588964L, -1271203790L, 1157320493L, 
1423867367L, -1876639474L, -886249752L, -425039637L, 2117921161L, 
1025005848L, 1241369670L, 333075617L, -69076173L, 89408162L, 
178223508L, -169187305L, -1437675507L, 1236604196L, -1503792886L, 
1626351733L, -1704696881L, 929207510L, 965117056L, 67910339L, 
-1807170463L, 953738448L, 1367889454L, 668960729L, 437348331L, 
387391066L, -1031571428L, 1316775199L, -1532557963L, 2029573132L, 
-2049821214L, -498448707L, 464470327L, 217662942L, 493984536L, 
-190606725L, -1143349223L, -581887832L, -1893705130L, -52312367L, 
-639449469L, -1495212782L, -369112924L, -494835609L, 2095352253L, 
1276576564L, 1471760538L, -1283207451L, -740661121L, 813638150L, 
1953222032L, 1493536819L, -792903727L, 76338560L, -1929856930L, 
-1511630935L, 1734315611L, -1888660886L, -346824948L, 1965562191L, 
992010757L, -1919749956L, -1671366254L, -1181338995L, 1971273927L, 
861803950L, -434036728L, -1062693877L, 1950986473L, 1210937272L, 
1206159462L, -678889215L, -1075851373L, 1250787394L, -243218444L, 
1130271223L, -1352755731L, -1623173500L, 425257130L, 615396885L, 
-1425847633L, -1780014922L, -1050640672L, -2038095325L, -1152348863L, 
247762992L, 222800462L, 478367417L, -1096123701L, 463559546L, 
1275112060L, -1810825537L, -2023299179L, 1550811052L, -1356743294L, 
334627677L, -596472233L, 2121157950L, -396984968L, 439414363L, 
766069177L, 1304345608L, 173721270L, 1940526577L, -1409160157L, 
285615218L, 470447812L, -1841360761L, 822654045L, -842139052L, 
1434923130L, -1308290107L, -1080523489L, -187071322L, -40561104L, 
-1915630381L, -1370791183L, 1674818080L, 1728509118L, -1346158391L, 
1224262267L, -299661238L, -996886356L, -729931857L, 1202047845L, 
-1563139812L, 27740530L, -264054291L, 1699343911L, 1271807566L, 
1658462888L, 316596395L, -79975991L, -418748968L, -1930439546L, 
-1356039839L, -973251341L, 527967074L, -834687532L, 1147594967L, 
-1009321267L, 761268836L, 1654858L, 704030133L, 166365455L, 1020147222L, 
1254101184L, -38041981L, 269787809L, -1412225904L, 1868377966L, 
-1933989607L, -590419541L, 160147354L, -1197263012L, -112171425L, 
767129141L, 25146828L, 1881347362L, 239402877L, -571337609L, 
309062046L, 906641496L, 665476539L, -1523100839L, 986472680L, 
-429989610L, 928170641L, 1716907843L, -1677292974L, 1601993956L, 
10938151L, -1006271619L, 477831492L, 1958615000L, 1356518522L, 
356518448L, 1462269628L, -1034684588L, -650877374L, 819181472L, 
-352164676L, -1714216496L, 1200279906L, -1308291096L, 1099633612L, 
1555359484L, -1098619918L, -753390464L, -22853388L, -115687288L, 
2143248698L, 576506704L, 69435500L, 1039154324L, -1559804590L, 
-776115488L, -479564596L, -60435296L, 849278338L, 429622504L, 
120562924L, -757802948L, 1333349490L, 315014256L, 970904100L, 
-1517271496L, -190291430L, 2049805520L, -134386116L, -1363445612L, 
599164034L, -2063604800L, -1667438276L, -1607979376L, -1175890910L, 
-128294904L, 318981260L, 683031580L, -1096343406L, -1491690368L, 
1457204244L, -1240344792L, 1928822842L, 1774991568L, -1962135444L, 
-224737612L, 1555008530L, 928072672L, -1663839284L, 496417248L, 
1350715426L, -627520216L, 673771788L, -470142404L, -1523152654L, 
-1955230480L, 749371204L, 2088623192L, -848515526L, -981239568L, 
-1212029252L, -418274796L, -1994763070L, -712992160L, 1552535932L, 
-677040944L, -1946177502L, -893201240L, 1049186700L, -2045812292L, 
38669362L, -962343104L, -216683852L, -1504318136L, -458836294L, 
-356705520L, -107116308L, 1858137172L, 890569490L, -145347168L, 
1115404236L, 569084768L, -101544766L, 1517412904L, -213271124L, 
1282999100L, -902746254L, 846004016L, -933110748L, 2091463224L, 
1998603994L, -1349065840L, 1044279548L, 2097162644L, -697435326L, 
-791703040L, 1700197436L, -475149744L, -835111774L, -1304336568L, 
-1894914548L, 1131828956L, 2024398930L, 1603301504L, -1357147308L, 
-1975700504L, 438678266L, 331845456L, -1531383764L, 1738731892L, 
622389906L, -1163390368L, -462103412L, 546426208L, 197353698L, 
-1344145240L, 655123148L, 1469629948L, -1674070094L, -1796739088L, 
-1083032124L, -752817832L, -874369670L, 1063165360L, 242178492L, 
-519411116L, -1071690302L, 1976625952L, -855536708L, 114209872L, 
-247875614L, -1087562904L, 1789765452L, -1550025988L, -914230542L, 
-380235520L, 2052797556L, 24361480L, -450731590L, -189195824L, 
-103148564L, -684787820L, -218848046L, -1686425504L, -1667704500L, 
-1354989792L, 2063696514L, -1778273816L, 1956938732L, -1965048260L, 
-710872462L, -1158744208L, 1519763748L, 1764441656L, 1381928346L, 
1913066960L, 308195772L, 1032084116L, -131131774L, 969677248L, 
-1174626500L, 962406032L, -394763486L, -1256706552L, 311289612L, 
1926971292L, 594704402L, 1423745920L, -5734636L, 16705832L, 1336842298L, 
745555920L, 1329717868L, 2043667508L, 896019602L, -1234725536L, 
2109342028L, -1369112096L, -429197406L, 1147002792L, -793105268L, 
1885268924L, -2139848590L, -899042320L, -651173820L, -991939496L, 
-586438598L, -1291829136L, 2122443324L, -73372908L, 1820114626L, 
-1809080608L, 402646140L, 80982224L, 1253688226L, 958218792L, 
1926847756L, 1525779388L, -865145550L, -1535417152L, -990577100L, 
1890993864L, 287100602L, -1412167536L, 1592257260L, -1547697580L, 
-1615567214L, -767034592L, 385629132L, -1684433696L, -362292542L, 
-2016231384L, -1295850580L, -1047407940L, 1484479986L, 405220912L, 
466405284L, -270113352L, -795113638L, -912924768L, 538918142L, 
-692838453L, 1099168205L, -966001414L, -226308296L, 1877966049L, 
1182265235L, 4383668L, -1085208382L, -975131433L, -1913493215L, 
-392355610L, 1168917988L, 462815509L, -2092459713L, 1228260568L, 
-472355594L, -611100925L, 2052911173L, -1418768286L, 1938659280L, 
496463097L, -540072405L, 1448743324L, -451300918L, -1262759233L, 
964699145L, -536128226L, -1690707764L, -357299043L, 1965224231L, 
-138396848L, -1668332050L, 964502171L, 1365329149L, 874925034L, 
-1582158712L, -311954895L, -1441004381L, 1127680164L, -854058670L, 
986866855L, -1589214991L, -24233930L, 241002708L, 354851941L, 
-560736657L, -794183512L, -1155897850L, -797636813L, 1133978517L, 
1956173810L, -2139392960L, -1570665047L, 366208027L, 687350252L, 
1865783802L, -1126760913L, -146511303L, -467737522L, -1261753188L, 
331193869L, -1433820553L, -965225856L, 222554334L, 1482998699L, 
-2134913875L, 1441493274L, -624564776L, 41696833L, -340224781L, 
-4898028L, -207637854L, 1234807735L, -1956731007L, -1999917690L, 
-1221279804L, -822902027L, -759056545L, 554686904L, -1281761130L, 
1666672291L, -1294071707L, 1113439618L, 1640922864L, -1294175591L, 
-1910786421L, -1270712452L, 475511210L, 1374212575L, 1972119401L, 
2084392830L, 1586501484L, 1573178301L, 6117511L, 1335358576L, 
612601614L, -316427205L, -351708387L, -1343999542L, 1142831848L, 
1491840465L, -1784455229L, -1878464316L, -1210017934L, 467782215L, 
-683443695L, 1301107606L, 2046826228L, -1531299707L, 2094222799L, 
1381447880L, -1861029530L, -1216150637L, 1424207093L, 1289006290L, 
1045609248L, -6974711L, -1674103749L, 365115788L, 1323454490L, 
-37380977L, -622132263L, -100285330L, 236464124L, 479329645L, 
-113813737L, 605308640L, -869239618L, 80970379L, 786385165L, 
-421126854L, -740762248L, 1143084833L, 2124337107L, 2121258740L, 
450545538L, 1378184727L, -873151263L, -234888666L, -728104156L, 
