.Random.seed <-
c(403L, 1L, -1290637359L, 1033954688L, 491907166L, -1974941783L, 
-1635189157L, -1905237398L, 82923276L, 1345317199L, -1915104763L, 
-1077116740L, -1758221934L, -1971666291L, 975794375L, -106887762L, 
-144175096L, 917373963L, 1685569769L, -19611720L, 48240742L, 
1573865729L, 1900435L, 2040369218L, -2022615052L, -177339913L, 
2124088813L, -334608764L, 963721386L, -1308785131L, 1750948527L, 
279711926L, 751603424L, -102919645L, 574963009L, 384532528L, 
-1781753266L, 1553718969L, 1424272075L, 1511811962L, 1174313596L, 
-643289409L, 990943125L, -2140844116L, -710505086L, -182021283L, 
261242455L, -985047746L, 36908408L, -1291436453L, 60840377L, 
-2038240248L, 618428086L, -434076175L, -732652509L, 1972302962L, 
-368859452L, -88571769L, 912720989L, 37726804L, 1386610810L, 
1784382405L, 323564831L, -55864154L, -292542928L, -1589543725L, 
-1099386127L, -1792327136L, 953656510L, 647188681L, 637784699L, 
1179154506L, -872249172L, 780398511L, 499333989L, 2014990620L, 
-2023564942L, 497437165L, -202432985L, -1968746930L, -188648792L, 
-680505173L, 1027504585L, -1895410216L, 1079551110L, 168282465L, 
1713982707L, -749505694L, 374767060L, 1246116055L, -380056883L, 
-1634330012L, 870436938L, 2021004725L, 2066970895L, 852583958L, 
1892950208L, -1049676157L, 1699803809L, 1498141840L, 1561788270L, 
1192352025L, 1392982443L, -970549350L, -1439103140L, 380114527L, 
-98294219L, 595707340L, 680985890L, 873770877L, -1196784521L, 
-1405535842L, -730517416L, -1982812741L, -1953873063L, 465842408L, 
-808840938L, 2119611025L, -1137524925L, 352295506L, 90025188L, 
133052199L, 1732981629L, -1628715404L, -630146982L, 1831092389L, 
1375068863L, -547866298L, -989556784L, 1244449267L, 1742693649L, 
-1983758016L, -1679675106L, 2104788457L, 779077403L, -87412438L, 
1255696972L, 1977677327L, -1031268027L, -19561732L, 1962703186L, 
566922957L, 1097410183L, 1683485038L, 242617160L, -1340272821L, 
786224809L, -52843528L, -1072164058L, -1187228607L, -1585941037L, 
-524863614L, 139819956L, 760582967L, -444894675L, -1580272828L, 
132946026L, 2022114005L, 1456028783L, -490343050L, -1159872864L, 
163937123L, -1581019135L, -718931088L, 2103177998L, 1339182457L, 
1613818123L, 1901664826L, -108277444L, 1073053311L, 1126213077L, 
340958188L, -1964270270L, -448781667L, -500101353L, -13947266L, 
-369488328L, -1140868837L, -1863934343L, -291022136L, -453621002L, 
-2122562767L, -138177693L, 1803381042L, 1638292100L, 2094773959L, 
-1695482467L, -384198380L, -111544390L, -510418427L, -296700961L, 
-1272231322L, 584975856L, 1923728147L, -313365327L, -1979404448L, 
867478782L, -1914606455L, -880587845L, 1266345354L, -2057198484L, 
-1477394961L, -1349175771L, 2124780252L, -785545038L, 558975917L, 
-89125017L, -1804968818L, 831002984L, 1880230251L, -1276130551L, 
900799896L, -1460433722L, -1371695583L, 1997272755L, -903767006L, 
-1886542316L, 492280471L, 404444301L, -1110943324L, -767835254L, 
2027859957L, -1967284657L, -161371818L, -917974016L, 1324670275L, 
-1743679263L, -1310594480L, -813427026L, -459205470L, -1210456248L, 
394241548L, 471897820L, -1019469742L, 1079873664L, 731476820L, 
-188247064L, -870640902L, 721702736L, -1610788820L, 1498993012L, 
1270704786L, 1944965728L, -1183056756L, -1696748192L, 1239515362L, 
1161877672L, 1153286860L, -1289009668L, 1247680434L, -1511280656L, 
-461390396L, 1399015768L, 1129131386L, 2015616432L, 748394940L, 
819079764L, 1480142274L, -665482464L, 609708988L, 336426064L, 
1175820258L, -670639256L, -1370069172L, -748365060L, 2042974962L, 
-720146176L, 931992692L, 308787720L, 833184186L, 1744075216L, 
-422833172L, 418666388L, 1366861010L, 1517981792L, 1119336780L, 
1407967008L, 1355571842L, 409088488L, 1798783980L, 423722556L, 
-228126094L, -1353558160L, -1011875548L, 267648568L, 1145089434L, 
-870443568L, 1671590332L, -548463980L, 2037462658L, 1325791680L, 
-804561092L, 2029536912L, -492125406L, 2050764296L, 1784915724L, 
-1651302500L, 331020306L, -912817280L, -934396140L, -1175443160L, 
167508026L, -1213356080L, -1263582612L, -2096282572L, -665768814L, 
825832800L, -1815125684L, 525623776L, 2045949858L, 1525243816L, 
350375052L, -1401869380L, 847052914L, 297735152L, 323633220L, 
-1761405864L, -700577734L, 1203306608L, 1037716028L, -1502213356L, 
981327554L, -1718149408L, 1639826556L, 1866608848L, 1867785122L, 
-1791434200L, 489921804L, -1203131460L, 1476480306L, 1134429376L, 
-1536770508L, -1747360056L, -223408454L, -1417361264L, 817162988L, 
-1159830956L, -1649383790L, 1136909088L, -186033204L, 714388704L, 
-167134526L, -314949592L, -5053524L, -1061563716L, -150757902L, 
-633606608L, 2095646628L, -746986056L, 93603674L, 1042253968L, 
-590568580L, -1190896876L, 339837250L, 1490313984L, -537417796L, 
-988503216L, 2104274210L, 463345224L, -780589044L, -738801572L, 
1761219026L, 460108288L, 985725268L, -86620952L, -1250607878L, 
1908268752L, 811984172L, -1599043340L, 1600490898L, -491433632L, 
1282248716L, 1532262112L, 1904306786L, 2023777960L, -725006772L, 
1112875900L, -433167054L, 1981314672L, 1237158724L, -119012392L, 
-626602118L, 1547913776L, 1314745276L, -1590193580L, 1539048514L, 
1227358368L, -771818820L, -922534448L, -1033320606L, 388319976L, 
865785036L, -1851175428L, 1740880370L, -507718016L, -949447180L, 
-843451768L, 469376826L, -1328611504L, -1179566996L, 1723397524L, 
-1917942702L, 775526880L, -7492404L, 1458628768L, -490698366L, 
1478236392L, -309962004L, 1474086204L, -57899918L, -1679324048L, 
797135908L, -1579560904L, -2057477350L, 2106254544L, -1525624004L, 
963125140L, -1697802366L, 740830656L, 1698181692L, -799180400L, 
-219868638L, 1727843592L, 1291264652L, 1898907420L, -1087788910L, 
-1342461568L, -1018533356L, 133194536L, -386212294L, -1406643760L, 
-1514179220L, -1238471756L, -1032877038L, 628939232L, 1863621580L, 
-780121888L, -800669662L, -1012691672L, -990728692L, 1497512764L, 
1755562994L, 177135344L, -883383740L, -263999912L, 1770013498L, 
1440588272L, -1953075524L, -1362924268L, -679102782L, 134068320L, 
-463415428L, -481788976L, -1212830430L, 1401030312L, -1421190260L, 
2112477767L, -812553711L, -2132237418L, 1535026932L, 87165061L, 
1179991503L, -1046542136L, -626450074L, 358060947L, 1977408757L, 
6782162L, 137292576L, -465362167L, 1952400443L, 846416268L, -353558502L, 
-882684785L, 1471001561L, -5131154L, -1320183812L, -2010083987L, 
-1357281513L, 93484768L, 543737022L, -1642147189L, 393320717L, 
-1568109254L, 2080804216L, -1195210975L, -2107105325L, -2054404364L, 
167778178L, -1115570665L, -1671523103L, 823423526L, -1434275036L, 
-629711915L, -1444775041L, -74875368L, 1333658934L, -1288463421L, 
727892485L, 1205311906L, 1124375952L, -1402475207L, 1114909163L, 
-411129124L, 1279364874L, -665157121L, 1640532041L, -520412706L, 
67980L, 487351645L, -1985182361L, 644404880L, 545077422L, -1052198565L, 
-722899651L, -225042518L, -778618808L, -540241807L, 55213539L, 
1619425508L, 659854354L, 221601767L, 1784285105L, -926033418L, 
-693935084L, -317547739L, -203195345L, 1360866792L, -349173050L, 
-110193805L, -2071438379L, 849077170L, -470452864L, 866151785L, 
1169179099L, 192751916L, 89000762L, -1986746897L, 881148025L, 
-2014385394L, -39657764L, -1796936371L, 1991377079L, -923207104L, 
-77577442L, 561498603L, 1233831277L, -515462182L, -1217888872L, 
-729586687L, -1053747789L, -832029484L, 1528474082L, -1246714761L, 
-859375167L, -1746205882L, -421409148L, -1103292363L, 1904117791L, 
213462904L, -1605073322L, 973429475L, -501834587L, -2062203582L, 
-1012526288L, 270546777L, 1630346443L, 1286204732L, 2142792042L, 
1991664543L, -58204631L, 358924478L, -365782612L, 23185149L, 
-934084025L, -1684025040L, -808658354L, -305839493L, 923574749L, 
595191818L, -1634207448L, -1611085935L, 551111043L, 2127144580L, 
-106425166L, -1808555001L, 1060253777L, 160653270L, -565383500L, 
-1459597627L, 1527971855L, -1215098744L, -210194010L, 1956702547L, 
1029315253L, -140824558L, -1796406816L, -241306551L, -306191749L, 
